layout_spectrum: 0.275279
typography_spectrum: 0.7074785
color:
  saturation: 0.286657
  lightness: 0.7115965
  brandStrength: 0.7946482
  rhythmicContrast: 0.1680177
name: Ian
